
  Mrv2019 08082215512D

 25 26  0  0  0  0            999 V2000
    1.4290    0.0000    0.0000 O   0  0  0  0  0  0  0  0  0  0  0  0
    0.7145   -0.4125    0.0000 C   0  0  0  0  0  0  0  0  0  0  0  0
    0.0000    0.0000    0.0000 O   0  0  0  0  0  0  0  0  0  0  0  0
    0.7145   -1.2375    0.0000 C   0  0  0  0  0  0  0  0  0  0  0  0
    1.4290   -1.6500    0.0000 C   0  0  0  0  0  0  0  0  0  0  0  0
    1.4290   -2.4750    0.0000 C   0  0  0  0  0  0  0  0  0  0  0  0
    0.7145   -2.8875    0.0000 C   0  0  0  0  0  0  0  0  0  0  0  0
    0.0000   -2.4750    0.0000 C   0  0  0  0  0  0  0  0  0  0  0  0
    0.0000   -1.6500    0.0000 C   0  0  0  0  0  0  0  0  0  0  0  0
   -0.7145   -1.2375    0.0000 O   0  0  0  0  0  0  0  0  0  0  0  0
   -1.4290   -1.6500    0.0000 C   0  0  0  0  0  0  0  0  0  0  0  0
   -2.1434   -2.0625    0.0000 F   0  0  0  0  0  0  0  0  0  0  0  0
   -1.0165   -2.3645    0.0000 F   0  0  0  0  0  0  0  0  0  0  0  0
   -1.8415   -0.9355    0.0000 F   0  0  0  0  0  0  0  0  0  0  0  0
    2.1434   -2.8875    0.0000 C   0  0  0  0  0  0  0  0  0  0  0  0
    2.8579   -2.4750    0.0000 C   0  0  0  0  0  0  0  0  0  0  0  0
    3.5724   -2.8875    0.0000 C   0  0  0  0  0  0  0  0  0  0  0  0
    3.5724   -3.7125    0.0000 C   0  0  0  0  0  0  0  0  0  0  0  0
    2.8579   -4.1250    0.0000 C   0  0  0  0  0  0  0  0  0  0  0  0
    2.1434   -3.7125    0.0000 C   0  0  0  0  0  0  0  0  0  0  0  0
    1.4290   -4.1250    0.0000 O   0  0  0  0  0  0  0  0  0  0  0  0
    1.4290   -4.9500    0.0000 C   0  0  0  0  0  0  0  0  0  0  0  0
    1.4290   -5.7750    0.0000 F   0  0  0  0  0  0  0  0  0  0  0  0
    0.6040   -4.9500    0.0000 F   0  0  0  0  0  0  0  0  0  0  0  0
    2.2540   -4.9500    0.0000 F   0  0  0  0  0  0  0  0  0  0  0  0
  1  2  1  0  0  0  0
  2  3  2  0  0  0  0
  2  4  1  0  0  0  0
  4  5  2  0  0  0  0
  5  6  1  0  0  0  0
  6  7  2  0  0  0  0
  7  8  1  0  0  0  0
  8  9  2  0  0  0  0
  4  9  1  0  0  0  0
  9 10  1  0  0  0  0
 10 11  1  0  0  0  0
 11 12  1  0  0  0  0
 11 13  1  0  0  0  0
 11 14  1  0  0  0  0
  6 15  1  0  0  0  0
 15 16  2  0  0  0  0
 16 17  1  0  0  0  0
 17 18  2  0  0  0  0
 18 19  1  0  0  0  0
 19 20  2  0  0  0  0
 15 20  1  0  0  0  0
 20 21  1  0  0  0  0
 21 22  1  0  0  0  0
 22 23  1  0  0  0  0
 22 24  1  0  0  0  0
 22 25  1  0  0  0  0
M  END
$$$$
