
  Mrv2019 08082215522D

 21 22  0  0  0  0            999 V2000
    1.4290    0.0000    0.0000 O   0  0  0  0  0  0  0  0  0  0  0  0
    2.1434   -0.4125    0.0000 C   0  0  0  0  0  0  0  0  0  0  0  0
    2.8579    0.0000    0.0000 O   0  0  0  0  0  0  0  0  0  0  0  0
    2.1434   -1.2375    0.0000 C   0  0  0  0  0  0  0  0  0  0  0  0
    1.4290   -1.6500    0.0000 C   0  0  0  0  0  0  0  0  0  0  0  0
    1.4290   -2.4750    0.0000 C   0  0  0  0  0  0  0  0  0  0  0  0
    2.1434   -2.8875    0.0000 C   0  0  0  0  0  0  0  0  0  0  0  0
    2.8579   -2.4750    0.0000 C   0  0  0  0  0  0  0  0  0  0  0  0
    2.8579   -1.6500    0.0000 C   0  0  0  0  0  0  0  0  0  0  0  0
    3.5724   -1.2375    0.0000 O   0  0  0  0  0  0  0  0  0  0  0  0
    4.2868   -1.6500    0.0000 C   0  0  0  0  0  0  0  0  0  0  0  0
    5.0013   -1.2375    0.0000 C   0  0  0  0  0  0  0  0  0  0  0  0
    5.7157   -1.6500    0.0000 C   0  0  0  0  0  0  0  0  0  0  0  0
    5.7157   -2.4750    0.0000 C   0  0  0  0  0  0  0  0  0  0  0  0
    6.4302   -2.8875    0.0000 O   0  0  0  0  0  0  0  0  0  0  0  0
    7.1447   -2.4750    0.0000 C   0  0  0  0  0  0  0  0  0  0  0  0
    7.8592   -2.0625    0.0000 F   0  0  0  0  0  0  0  0  0  0  0  0
    7.5572   -3.1895    0.0000 F   0  0  0  0  0  0  0  0  0  0  0  0
    6.7322   -1.7605    0.0000 F   0  0  0  0  0  0  0  0  0  0  0  0
    5.0013   -2.8875    0.0000 C   0  0  0  0  0  0  0  0  0  0  0  0
    4.2868   -2.4750    0.0000 C   0  0  0  0  0  0  0  0  0  0  0  0
  1  2  1  0  0  0  0
  2  3  2  0  0  0  0
  2  4  1  0  0  0  0
  4  5  2  0  0  0  0
  5  6  1  0  0  0  0
  6  7  2  0  0  0  0
  7  8  1  0  0  0  0
  8  9  2  0  0  0  0
  4  9  1  0  0  0  0
  9 10  1  0  0  0  0
 10 11  1  0  0  0  0
 11 12  2  0  0  0  0
 12 13  1  0  0  0  0
 13 14  2  0  0  0  0
 14 15  1  0  0  0  0
 15 16  1  0  0  0  0
 16 17  1  0  0  0  0
 16 18  1  0  0  0  0
 16 19  1  0  0  0  0
 14 20  1  0  0  0  0
 20 21  2  0  0  0  0
 11 21  1  0  0  0  0
M  END
$$$$
