
  Mrv2019 08082215562D

 15 15  0  0  0  0            999 V2000
    0.7145    2.0625    0.0000 N   0  0  0  0  0  0  0  0  0  0  0  0
    0.7145    1.2375    0.0000 C   0  0  0  0  0  0  0  0  0  0  0  0
    1.4290    0.8250    0.0000 C   0  0  0  0  0  0  0  0  0  0  0  0
    1.4290    0.0000    0.0000 C   0  0  0  0  0  0  0  0  0  0  0  0
    0.7145   -0.4125    0.0000 C   0  0  0  0  0  0  0  0  0  0  0  0
    0.7145   -1.2375    0.0000 O   0  0  0  0  0  0  0  0  0  0  0  0
    1.4290   -1.6500    0.0000 C   0  0  0  0  0  0  0  0  0  0  0  0
    2.1434   -2.0625    0.0000 F   0  0  0  0  0  0  0  0  0  0  0  0
    1.0165   -2.3645    0.0000 F   0  0  0  0  0  0  0  0  0  0  0  0
    1.8415   -0.9355    0.0000 F   0  0  0  0  0  0  0  0  0  0  0  0
    0.0000    0.0000    0.0000 C   0  0  0  0  0  0  0  0  0  0  0  0
    0.0000    0.8250    0.0000 C   0  0  0  0  0  0  0  0  0  0  0  0
   -0.7145   -0.4125    0.0000 C   0  0  0  0  0  0  0  0  0  0  0  0
   -1.4290    0.0000    0.0000 O   0  0  0  0  0  0  0  0  0  0  0  0
   -0.7145   -1.2375    0.0000 O   0  0  0  0  0  0  0  0  0  0  0  0
  1  2  1  0  0  0  0
  2  3  2  0  0  0  0
  3  4  1  0  0  0  0
  4  5  2  0  0  0  0
  5  6  1  0  0  0  0
  6  7  1  0  0  0  0
  7  8  1  0  0  0  0
  7  9  1  0  0  0  0
  7 10  1  0  0  0  0
  5 11  1  0  0  0  0
 11 12  2  0  0  0  0
  2 12  1  0  0  0  0
 11 13  1  0  0  0  0
 13 14  1  0  0  0  0
 13 15  2  0  0  0  0
M  END
$$$$
