
  Mrv2019 08082216012D

 20 20  0  0  0  0            999 V2000
    2.1434    3.7125    0.0000 C   0  0  0  0  0  0  0  0  0  0  0  0
    1.4290    3.3000    0.0000 C   0  0  0  0  0  0  0  0  0  0  0  0
    1.4290    2.4750    0.0000 O   0  0  0  0  0  0  0  0  0  0  0  0
    0.7145    2.0625    0.0000 C   0  0  0  0  0  0  0  0  0  0  0  0
    0.0000    2.4750    0.0000 O   0  0  0  0  0  0  0  0  0  0  0  0
    0.7145    1.2375    0.0000 C   0  0  0  0  0  0  0  0  0  0  0  0
    1.4290    0.8250    0.0000 C   0  0  0  0  0  0  0  0  0  0  0  0
    1.4290    0.0000    0.0000 C   0  0  0  0  0  0  0  0  0  0  0  0
    2.1434   -0.4125    0.0000 F   0  0  0  0  0  0  0  0  0  0  0  0
    0.7145   -0.4125    0.0000 C   0  0  0  0  0  0  0  0  0  0  0  0
    0.0000    0.0000    0.0000 C   0  0  0  0  0  0  0  0  0  0  0  0
   -0.7145   -0.4125    0.0000 N   0  3  0  0  0  0  0  0  0  0  0  0
   -1.4290    0.0000    0.0000 O   0  0  0  0  0  0  0  0  0  0  0  0
   -0.7145   -1.2375    0.0000 O   0  5  0  0  0  0  0  0  0  0  0  0
    0.0000    0.8250    0.0000 C   0  0  0  0  0  0  0  0  0  0  0  0
   -0.7145    1.2375    0.0000 O   0  0  0  0  0  0  0  0  0  0  0  0
   -1.4290    0.8250    0.0000 C   0  0  0  0  0  0  0  0  0  0  0  0
   -1.8415    1.5395    0.0000 F   0  0  0  0  0  0  0  0  0  0  0  0
   -1.0165    0.1105    0.0000 F   0  0  0  0  0  0  0  0  0  0  0  0
   -2.1434    0.4125    0.0000 F   0  0  0  0  0  0  0  0  0  0  0  0
  1  2  1  0  0  0  0
  2  3  1  0  0  0  0
  3  4  1  0  0  0  0
  4  5  2  0  0  0  0
  4  6  1  0  0  0  0
  6  7  2  0  0  0  0
  7  8  1  0  0  0  0
  8  9  1  0  0  0  0
  8 10  2  0  0  0  0
 10 11  1  0  0  0  0
 11 12  1  0  0  0  0
 12 13  2  0  0  0  0
 12 14  1  0  0  0  0
 11 15  2  0  0  0  0
  6 15  1  0  0  0  0
 15 16  1  0  0  0  0
 16 17  1  0  0  0  0
 17 18  1  0  0  0  0
 17 19  1  0  0  0  0
 17 20  1  0  0  0  0
M  CHG  2  12   1  14  -1
M  END
$$$$
